7.78 -20
8.21 20
8.64 -20
9.07 40
9.5 -40
9.93 20
10.36 -40
10.79 -20
11.22 -40
11.65 40
12.08 20
12.51 40
12.94 20
13.37 40
13.8 -20
14.23 40
14.66 -40
15.09 -40
15.52 -40
15.95 20
16.38 40
16.81 20
17.24 -40
17.67 40
18.1 -20
18.53 20
18.96 40
19.39 20
19.82 40
20.25 -20
20.68 -40
21.11 -20
21.54 20
21.97 40
22.4 -40
22.83 -20
23.26 20
23.69 -40
24.12 -20
24.55 40
24.98 20
25.41 40
25.84 20
26.27 20
26.7 20
27.13 40
27.56 40
27.99 -40
28.42 -20
28.85 -40
29.28 -20
29.71 -40
30.14 40
30.57 20
31 40
31.43 -20
31.86 -40
32.29 -20
32.72 20
32.84 40
33.06 20
33.28 40
33.5 20
33.72 40
34.44 20
34.87 -20
35.3 40
35.73 -40
36.16 -20
36.38 -40
36.6 -20
36.82 -40
37.04 -20
37.26 20
37.72 -40
38.15 20
38.58 -40
39.01 20
39.44 -20
39.87 20
40.3 40
40.73 -40
41.16 20
41.59 -40
42.02 40
42.45 -20
42.88 20
43.31 40
43.74 20
44.17 -20
44.60 -20
45.03 -20
45.46 40
45.89 40
46.32 40
46.75 20
47.18 -20
47.61 -40
48.04 20
48.47 40
48.9 -20
49.33 40
49.76 -20
50.19 20
50.62 20
51.05 40
51.48 40
51.91 -20
52.34 20
52.77 -40
53.2 0
56.64 40
56.855 -40
57.07 40
57.285 -40
57.5 40
57.715 -40
58.36 40
58.79 -40
59.22 40
59.65 -20
60.08 20
60.295 -20
60.51 20
60.725 -20
60.94 20
61.37 40
61.8 40
62.23 20
62.66 20
63.09 -40
63.52 -40
63.95 -20
64.38 -20
64.81 -20
65.24 -40
65.67 -40
66.1 20
66.53 20
66.96 -20
67.39 -20
67.82 -40
68.25 -40
68.68 40
69.11 40
69.54 20
69.97 20
70.4 40
70.83 40
71.26 40
71.69 40
72.12 40
72.55 20
72.98 20
73.41 20
73.84 20
74.27 0
77.71 -40
78.14 -40
78.57 20
79 40
79.43 -40
79.86 -20
80.29 20
80.72 40
81.15 20
81.58 -20
82.01 -40
82.44 -20
82.87 -40
83.3 40
83.73 20
84.16 40
84.59 -20
85.02 20
85.45 40
85.88 20
86.31 -40
86.74 -20
87.17 20
87.6 40
88.03 40
88.46 20
88.89 -20
89.32 -40
89.75 -40
90.18 -20
90.61 -40
91.04 -20
91.47 40
91.9 20
92.33 20
92.76 40
93.19 -20
93.62 20
94.05 40
94.48 -20
94.91 20
95.34 40
95.77 -20
96.2 -40
96.63 -40
97.06 40
97.49 20
97.92 -20
98.35 40
98.78 20
99.21 -40
99.64 -20
100.07 40
100.5 20
100.93 -40
101.36 40
101.79 20
102.22 40
102.65 -20
103.08 -40
103.51 -20
103.94 20
104.37 -20
104.8 20
105.23 40
105.66 40
106.09 -40
106.52 -40
106.95 40
107.38 20
107.81 -20
108.24 20
108.67 40
109.1 -40
109.53 -20
109.96 -40
110.39 20
110.82 40
111.25 40
111.68 20
112.11 -20
112.54 20
112.97 40
113.4 20
113.83 -20
114.26 -40
114.69 -20
115.12 20
115.55 40
115.98 20
116.41 -40
116.84 20
117.27 0
120.28 40
120.71 20
121.14 -40
121.57 -20
122.0 -20
122.43 -40
122.645 -20
122.86 20
123.075 -20
123.29 20
123.72 20
124.15 40
124.58 -40
125.01 40
125.44 -40
125.87 -20
126.085 20
126.3 -20
126.515 20
126.73 -20
127.16 20
127.59 40
128.02 40
128.45 -40
128.88 20
129.31 -20
129.74 -20
130.17 20
130.6 -20
131.03 20
131.46 -20
131.89 20
132.32 40
132.75 -40
133.18 40
133.61 -40
134.04 40
134.47 -40
134.9 40
135.33 20
135.76 40
136.19 20
136.62 40
137.05 20
137.48 -20
137.91 -40
138.34 -20
138.77 -40
139.2 -20
139.63 20
140.06 40
140.49 20
140.92 40
141.35 20
141.78 20
142.21 20
142.64 40
143.07 40
143.5 40
143.93 -40
144.36 -40
144.79 -40
145.22 -20
145.65 -20
146.08 -20
146.51 20
146.94 -20
147.37 20
147.8 -20
148.23 20
148.66 40
149.09 20
149.52 40
149.95 20
150.38 40
150.81 20
151.24 -20
151.67 -40
152.1 -20
152.53 -40
152.96 -20
153.39 -40
153.82 0
157.69 40
158.12 20
158.55 -20
158.98 20
159.41 -20
159.84 -40
160.27 20
160.7 40
161.13 40
161.56 -40
161.99 -40
162.42 20
162.85 -20
163.28 20
163.71 -20
164.14 20
164.57 -40
165.0 40
165.43 -40
165.86 -40
166.29 -20
166.72 -20
167.15 -40
167.58 -20
168.01 20
168.44 40
168.87 40
169.3 -20
169.73 20
170.16 -40
170.59 40
171.02 -20
171.45 20
171.88 40
172.31 -40
172.74 20
173.17 20
173.6 -20
174.03 40
174.46 -40
174.89 -20
175.32 20
175.75 40
176.18 -40
176.61 20
177.04 -20
177.47 40
177.9 20
178.33 20
178.76 40
179.19 -40
179.62 -40
180.05 40
180.48 20
180.91 -20
181.34 40
181.77 20
182.2 -20
182.63 40
183.06 -40
183.49 20
183.92 -20
184.35 -20
184.78 40
185.21 20
185.64 -20
186.07 40
186.5 20
186.93 -40
187.36 -20
187.79 20
188.22 20
188.65 40
189.08 40
189.51 -20
189.94 20
-1 -1 