6.21 20
6.92 40
7.63 -40
8.34 -20
9.05 20
9.76 -40
10.47 40
10.825 20
11.18 -20
11.535 20
11.89 -20
12.6 -40
13.31 20
14.02 -20
14.73 40
15.44 -40
16.15 20
16.505 -20
16.86 20
17.215 -20
17.925 40
18.635 20
19.345 -40
20.055 -20
20.765 20
21.475 40
21.83 -40
22.185 40
22.54 -40
22.895 40
23.605 20
24.315 -20
25.025 -40
25.735 20
26.445 40
27.155 -20
27.865 40
28.575 -40
29.285 20
29.995 40
30.705 -40
31.415 20
32.125 -20
32.48 20
32.835 -20
33.19 20
33.545 -40
33.9 40
34.255 -40
34.61 0
38.16 40
38.87 -40
39.58 -20
40.29 20
41 -20
41.71 20
42.42 40
43.14 -40
43.84 40
44.55 -40
45.26 -40
45.97 -40
46.68 40
47.39 40
48.1 40
48.81 20
49.52 -20
50.23 20
50.94 -20
51.65 20
52.36 20
53.07 0
57.33 -20
57.685 20
58.04 -20
58.395 20
58.75 -20
59.105 20
59.46 40
60.17 -40
60.88 -20
61.59 20
62.3 40
62.655 -40
63.01 40
63.365 -40
63.72 20
64.075 -20
64.43 20
64.785 -20
65.14 20
65.85 40
66.56 -40
67.27 20
67.98 -20
68.69 20
69.4 20
70.11 -20
70.82 20
71.53 40
72.24 -40
72.95 -20
73.66 20
74.37 40
75.08 40
75.79 -40
76.5 -20
77.21 -20
77.92 -40
78.63 20
78.985 -20
79.34 20
79.695 -20
80.05 20
80.76 40
81.47 20
82.18 -40
82.535 20
82.89 40
83.245 -40
83.6 -20
83.955 40
84.31 40
84.665 40
85.02 20
85.375 -20
85.73 20
86.085 40
86.44 20
86.795 -20
87.15 -40
87.505 -20
87.86 20
88.215 40
88.57 20
88.925 20
89.28 20
89.635 40
89.99 40
90.345 -40
90.7 -40
91.055 -40
91.41 -20
91.765 -20
92.12 -40
92.475 -40
92.83 20
93.185 40
93.54 20
93.895 -40
94.25 -20
94.605 -20
94.96 -40
95.315 -40
95.67 20
96.025 40
96.38 -20
96.735 -40
97.09 20
97.445 40
97.8 20
98.155 20
98.51 -40
98.865 -40
99.22 -20
99.575 -20
99.93 20
100.285 20
100.64 40
100.995 40
101.35 -40
101.705 -20
102.06 40
102.415 20
102.77 40
103.125 0
106.32 20
107.03 20
107.74 -20
108.45 -20
109.16 -40
109.87 40
110.58 -40
111.29 40
112 20
112.71 40
113.42 20
114.13 40
114.84 20
115.55 -40
115.905 -20
116.26 -40
116.615 -20
116.97 -40
117.325 40
117.68 20
118.035 40
118.39 40
119.1 20
119.81 -20
120.52 20
121.23 20
121.585 40
121.94 20
122.295 40
122.65 -40
123.005 40
123.36 -40
123.715 40
124.07 -20
124.78 20
125.49 40
126.2 40
126.91 20
127.62 -20
128.33 20
129.04 -20
129.75 -40
130.46 -20
131.17 -40
131.88 -20
132.59 20
133.3 -20
134.01 20
134.72 -40
135.43 -20
136.14 40
136.85 20
137.56 -40
137.915 40
138.27 -40
138.625 40
138.98 0
142.53 20
143.24 40
143.95 20
144.66 -40
145.37 -20
146.08 -40
146.79 20
147.5 -20
148.21 20
148.92 40
149.63 20
150.34 -20
151.05 -40
151.76 -20
152.47 20
153.18 40
153.89 40
154.6 -40
155.31 -20
156.02 -40
156.73 -20
157.44 -40
158.15 20
158.86 40
159.57 20
160.28 -40
160.99 -20
161.7 20
162.41 40
163.12 -40
163.83 -20
164.185 20
164.54 -20
164.895 20
165.25 -20
165.605 20
165.96 40
166.67 -40
167.38 -20
168.09 20
168.8 40
169.51 20
170.22 -40
170.575 -20
170.93 -40
171.285 -20
171.64 -40
171.995 -20
172.35 40
173.06 -40
173.77 20
174.48 40
175.19 -20
175.9 40
176.61 -40
177.32 20
178.03 -20
178.74 40
179.45 20
180.16 -40
180.87 -20
181.58 20
182.29 40
183 40
183.71 20
184.42 -20
185.13 -40
185.485 -20
185.84 20
186.195 40
186.55 20
186.905 -20
187.26 -40
-1 -1